(53.35833209082515,30.199999999999996,f(53.35833209082515,30.199999999999996))
(64.91218496582367,39.199999999999996,f(64.91218496582367,39.199999999999996))
(63.576782824134895,39.99999999999999,f(63.576782824134895,39.99999999999999))
(62.213143472006514,39.99999999999999,f(62.213143472006514,39.99999999999999))
(69.90133814447167,45.999999999999986,f(69.90133814447167,45.999999999999986))
(49.70645660323821,33.3,f(49.70645660323821,33.3))
(73.02793633311944,49.699999999999996,f(73.02793633311944,49.699999999999996))
(67.95945825031669,46.79999999999999,f(67.95945825031669,46.79999999999999))
(77.39251017352464,53.79999999999999,f(77.39251017352464,53.79999999999999))
(50.24983548795396,35.29999999999999,f(50.24983548795396,35.29999999999999))
(68.16816878540048,48.29999999999998,f(68.16816878540048,48.29999999999998))
(65.51866271828987,46.79999999999999,f(65.51866271828987,46.79999999999999))
(90.64809856666437,65.3,f(90.64809856666437,65.3))
(72.72976526921785,52.79999999999999,f(72.72976526921785,52.79999999999999))
(87.4501414349754,63.999999999999986,f(87.4501414349754,63.999999999999986))
(70.3288948393023,51.79999999999998,f(70.3288948393023,51.79999999999998))
(83.34753548691863,61.79999999999999,f(83.34753548691863,61.79999999999999))
(73.07293361509332,54.39999999999999,f(73.07293361509332,54.39999999999999))
(73.61631249980907,55.09999999999999,f(73.61631249980907,55.09999999999999))
(69.14417654480948,52.09999999999999,f(69.14417654480948,52.09999999999999))
(73.46056520781269,55.599999999999994,f(73.46056520781269,55.599999999999994))
(79.78512052814946,60.599999999999994,f(79.78512052814946,60.599999999999994))
(76.77777234576769,58.599999999999994,f(76.77777234576769,58.599999999999994))
(94.08300344387678,72.30000000000001,f(94.08300344387678,72.30000000000001))
(84.04347376820262,64.79999999999998,f(84.04347376820262,64.79999999999998))
(80.06519000627445,61.9,f(80.06519000627445,61.9))
(88.33668866556661,68.6,f(88.33668866556661,68.6))
(78.29715898989245,61.09999999999998,f(78.29715898989245,61.09999999999998))
(81.5582149893319,63.89999999999999,f(81.5582149893319,63.89999999999999))
(80.67166775874065,63.39999999999999,f(80.67166775874065,63.39999999999999))
(81.94584658205125,64.6,f(81.94584658205125,64.6))
(72.7928641369683,57.599999999999994,f(72.7928641369683,57.599999999999994))
(97.20960163252455,77.30000000000001,f(97.20960163252455,77.30000000000001))
(98.85331046277794,78.80000000000001,f(98.85331046277794,78.80000000000001))
(80.95173723686568,64.69999999999999,f(80.95173723686568,64.69999999999999))
(89.004389736411,71.4,f(89.004389736411,71.4))
(89.31269642497561,71.9,f(89.31269642497561,71.9))
(89.28127131910786,72.1,f(89.28127131910786,72.1))
(105.67678142098656,85.6,f(105.67678142098656,85.6))
(105.88549195607034,86.10000000000001,f(105.88549195607034,86.10000000000001))
(93.993542915059,76.6,f(93.993542915059,76.6))
(116.99048991997131,95.6,f(116.99048991997131,95.6))
(83.69070383279407,68.69999999999999,f(83.69070383279407,68.69999999999999))
(69.78551595458653,57.399999999999984,f(69.78551595458653,57.399999999999984))
(87.21506923882427,71.89999999999999,f(87.21506923882427,71.89999999999999))
(97.79797779921418,80.89999999999999,f(97.79797779921418,80.89999999999999))
(85.26305372000624,70.69999999999999,f(85.26305372000624,70.69999999999999))
(74.25765190958612,61.69999999999999,f(74.25765190958612,61.69999999999999))
(104.15739477686179,86.69999999999999,f(104.15739477686179,86.69999999999999))
(86.11473929328662,71.89999999999999,f(86.11473929328662,71.89999999999999))
(100.22863770657796,83.9,f(100.22863770657796,83.9))
(73.43420354674537,61.599999999999994,f(73.43420354674537,61.599999999999994))
(83.50009488348685,70.19999999999999,f(83.50009488348685,70.19999999999999))
(91.00936849831642,76.69999999999999,f(91.00936849831642,76.69999999999999))
(79.60619947051386,67.2,f(79.60619947051386,67.2))
(86.3916208759835,73.1,f(86.3916208759835,73.1))
(79.75875886708212,67.6,f(79.75875886708212,67.6))
(92.3285446036009,78.39999999999999,f(92.3285446036009,78.39999999999999))
(114.28638498135376,97.2,f(114.28638498135376,97.2))
(104.46570146542643,88.99999999999999,f(104.46570146542643,88.99999999999999))
(117.11481210609995,100.0,f(117.11481210609995,100.0))
(98.65309992393766,84.39999999999999,f(98.65309992393766,84.39999999999999))
(110.79025678576319,95.0,f(110.79025678576319,95.0))
(84.38664211407809,72.49999999999999,f(84.38664211407809,72.49999999999999))
(80.64530609767334,69.4,f(80.64530609767334,69.4))
(57.64835909276103,49.699999999999996,f(57.64835909276103,49.699999999999996))
(94.05664178280946,81.19999999999999,f(94.05664178280946,81.19999999999999))
(100.50551928927484,86.89999999999999,f(100.50551928927484,86.89999999999999))
(97.37892110062708,84.29999999999998,f(97.37892110062708,84.29999999999998))
(86.9698614180101,75.39999999999999,f(86.9698614180101,75.39999999999999))
(119.39986034613038,103.7,f(119.39986034613038,103.7))
(95.0225139175554,82.69999999999999,f(95.0225139175554,82.69999999999999))
(83.6475821001925,72.89999999999998,f(83.6475821001925,72.89999999999998))
(89.58450582780986,78.19999999999999,f(89.58450582780986,78.19999999999999))
(85.60622206588172,74.89999999999998,f(85.60622206588172,74.89999999999998))
(86.93499976069927,76.19999999999999,f(86.93499976069927,76.19999999999999))
(92.87192348831664,81.49999999999999,f(92.87192348831664,81.49999999999999))
(83.7719042863211,73.6,f(83.7719042863211,73.6))
(102.91145316399083,90.49999999999999,f(102.91145316399083,90.49999999999999))
(90.7742963021653,79.9,f(90.7742963021653,79.9))
(75.44237020407891,66.49999999999999,f(75.44237020407891,66.49999999999999))
(103.2990847567102,91.2,f(103.2990847567102,91.2))
(103.4896937060174,91.5,f(103.4896937060174,91.5))
(88.09148084475245,77.99999999999999,f(88.09148084475245,77.99999999999999))
(99.40518934373719,88.2,f(99.40518934373719,88.2))
(104.51866470851382,92.89999999999999,f(104.51866470851382,92.89999999999999))
(83.38427269360173,74.19999999999999,f(83.38427269360173,74.19999999999999))
(61.14448728835159,54.5,f(61.14448728835159,54.5))
(100.08302603924461,89.3,f(100.08302603924461,89.3))
(87.12560871000649,77.79999999999998,f(87.12560871000649,77.79999999999998))
(106.16237353876723,94.89999999999998,f(106.16237353876723,94.89999999999998))
(99.5396471545289,89.09999999999998,f(99.5396471545289,89.09999999999998))
(107.68176018289198,96.5,f(107.68176018289198,96.5))
(104.69758576614942,93.89999999999999,f(104.69758576614942,93.89999999999999))
(108.02492852876745,96.99999999999997,f(108.02492852876745,96.99999999999997))
(117.93000039364993,106.0,f(117.93000039364993,106.0))
(86.39162087598353,77.79999999999998,f(86.39162087598353,77.79999999999998))
(118.94086981036979,107.2,f(118.94086981036979,107.2))
(98.37303044581266,88.89999999999999,f(98.37303044581266,88.89999999999999))
(90.09645960665787,81.49999999999999,f(90.09645960665787,81.49999999999999))
(109.27087014163843,99.0,f(109.27087014163843,99.0))
(99.32080099478205,90.1,f(99.32080099478205,90.1))
(87.76694811978354,79.69999999999999,f(87.76694811978354,79.69999999999999))
(89.67396635662766,81.49999999999999,f(89.67396635662766,81.49999999999999))
(109.14654795550977,99.29999999999998,f(109.14654795550977,99.29999999999998))
(96.62175950096488,87.99999999999999,f(96.62175950096488,87.99999999999999))
(89.50011747885469,81.6,f(89.50011747885469,81.6))
(86.67169035410853,79.1,f(86.67169035410853,79.1))
(79.46058780318054,72.6,f(79.46058780318054,72.6))
(144.8557044688461,132.5,f(144.8557044688461,132.5))
(105.21460298979783,96.39999999999998,f(105.21460298979783,96.39999999999998))
(116.20190321444139,106.6,f(116.20190321444139,106.6))
(104.51866470851384,96.0,f(104.51866470851384,96.0))
(117.21277263116124,107.8,f(117.21277263116124,107.8))
(89.88774907157409,82.79999999999998,f(89.88774907157409,82.79999999999998))
(102.79056752930526,94.8,f(102.79056752930526,94.8))
(91.52638572196484,84.5,f(91.52638572196484,84.5))
(86.21269981834793,79.7,f(86.21269981834793,79.7))
(99.96214040455908,92.49999999999999,f(99.96214040455908,92.49999999999999))
(103.64225310258566,96.0,f(103.64225310258566,96.0))
(105.77474194604787,98.09999999999998,f(105.77474194604787,98.09999999999998))
(106.07291300994943,98.5,f(106.07291300994943,98.5))
(91.74016843691126,85.3,f(91.74016843691126,85.3))
(95.88777166694192,89.3,f(95.88777166694192,89.3))
(110.17551895800621,102.7,f(110.17551895800621,102.7))
(114.6476549130058,107.0,f(114.6476549130058,107.0))
(88.07019136354774,82.3,f(88.07019136354774,82.3))
(89.79828854275628,83.99999999999999,f(89.79828854275628,83.99999999999999))
(100.35483544207888,93.99999999999997,f(100.35483544207888,93.99999999999997))
(112.40760395494925,105.39999999999998,f(112.40760395494925,105.39999999999998))
(133.54199596986135,125.39999999999999,f(133.54199596986135,125.39999999999999))
(105.33892517592646,98.99999999999999,f(105.33892517592646,98.99999999999999))
(87.76694811978354,82.59999999999998,f(87.76694811978354,82.59999999999998))
(110.69760836151724,104.3,f(110.69760836151724,104.3))
(119.03033033918757,112.3,f(119.03033033918757,112.3))
(80.55584556885555,76.1,f(80.55584556885555,76.1))
(98.62673826287033,93.29999999999998,f(98.62673826287033,93.29999999999998))
(125.57373181927119,118.89999999999998,f(125.57373181927119,118.89999999999998))
(95.54460332106646,90.59999999999998,f(95.54460332106646,90.59999999999998))
(106.29175916969629,100.89999999999998,f(106.29175916969629,100.89999999999998))
(90.80915795947612,86.3,f(90.80915795947612,86.3))
(119.37349868506305,113.59999999999998,f(119.37349868506305,113.59999999999998))
(112.59502500882832,107.29999999999998,f(112.59502500882832,107.29999999999998))
(97.26309891074195,92.79999999999998,f(97.26309891074195,92.79999999999998))
(95.36568226343087,91.09999999999998,f(95.36568226343087,91.09999999999998))
(105.38392245790034,100.8,f(105.38392245790034,100.8))
(91.2630763153741,87.39999999999999,f(91.2630763153741,87.39999999999999))
(110.17551895800622,105.59999999999998,f(110.17551895800622,105.59999999999998))
(131.98774766842573,126.69999999999999,f(131.98774766842573,126.69999999999999))
(96.06162054471488,92.29999999999998,f(96.06162054471488,92.29999999999998))
(115.96683101829026,111.59999999999998,f(115.96683101829026,111.59999999999998))
(123.30225575534688,118.79999999999998,f(123.30225575534688,118.79999999999998))
(134.18333537963838,129.39999999999998,f(134.18333537963838,129.39999999999998))
(103.4633320449501,99.89999999999998,f(103.4633320449501,99.89999999999998))
(129.8901204822744,125.6,f(129.8901204822744,125.6))
(114.4474443741655,110.79999999999998,f(114.4474443741655,110.79999999999998))
(144.31232558413035,139.89999999999998,f(144.31232558413035,139.89999999999998))
(108.7557284673623,105.59999999999998,f(108.7557284673623,105.59999999999998))
(111.18638837472605,108.09999999999998,f(111.18638837472605,108.09999999999998))
(83.22852540160537,80.99999999999999,f(83.22852540160537,80.99999999999999))
(95.36568226343087,92.89999999999998,f(95.36568226343087,92.89999999999998))
(84.87223423185876,82.79999999999998,f(84.87223423185876,82.79999999999998))
(117.81925038362743,115.09999999999998,f(117.81925038362743,115.09999999999998))
(99.2944393337147,97.1,f(99.2944393337147,97.1))
(105.61899465405148,103.39999999999999,f(105.61899465405148,103.39999999999999))
(144.95366499390738,142.1,f(144.95366499390738,142.1))
(101.29941809562014,99.49999999999999,f(101.29941809562014,99.49999999999999))
(93.35751560609731,91.8,f(93.35751560609731,91.8))
(108.6212706565706,106.89999999999999,f(108.6212706565706,106.89999999999999))
(122.20192580980924,120.39999999999999,f(122.20192580980924,120.39999999999999))
(123.56556516193763,121.89999999999999,f(123.56556516193763,121.89999999999999))
(132.17516872230482,130.59999999999997,f(132.17516872230482,130.59999999999997))
(142.75807728269473,141.2,f(142.75807728269473,141.2))
(100.5686181570253,99.6,f(100.5686181570253,99.6))
(107.02255910829109,106.09999999999998,f(107.02255910829109,106.09999999999998))
(80.40009827685917,79.8,f(80.40009827685917,79.8))
(111.51279664906727,110.79999999999998,f(111.51279664906727,110.79999999999998))
(102.91995316023433,102.39999999999999,f(102.91995316023433,102.39999999999999))
(133.90326590151338,133.39999999999998,f(133.90326590151338,133.39999999999998))
(153.74725305671058,153.39999999999998,f(153.74725305671058,153.39999999999998))
(124.20690457171466,124.09999999999998,f(124.20690457171466,124.09999999999998))
(105.5577713356733,105.59999999999998,f(105.5577713356733,105.59999999999998))
(109.50781788716182,109.69999999999997,f(109.50781788716182,109.69999999999997))
(88.04382970248041,88.3,f(88.04382970248041,88.3))
(129.34674159755863,129.89999999999998,f(129.34674159755863,129.89999999999998))
(122.71894303345766,123.39999999999998,f(122.71894303345766,123.39999999999998))
(98.92490932677191,99.59999999999998,f(98.92490932677191,99.59999999999998))
(109.17822171739249,110.1,f(109.17822171739249,110.1))
(123.47610463311983,124.69999999999999,f(123.47610463311983,124.69999999999999))
(104.92493192213976,106.09999999999998,f(104.92493192213976,106.09999999999998))
(134.85291199985505,136.6,f(134.85291199985505,136.6))
(113.41021329637832,115.09999999999998,f(113.41021329637832,115.09999999999998))
(142.06401455078304,144.39999999999998,f(142.06401455078304,144.39999999999998))
(97.49498321146493,99.3,f(97.49498321146493,99.3))
(126.6027028217676,129.2,f(126.6027028217676,129.2))
(121.8954946706169,124.59999999999998,f(121.8954946706169,124.59999999999998))
(122.28312626333627,125.29999999999998,f(122.28312626333627,125.29999999999998))
(118.93768191494166,122.1,f(118.93768191494166,122.1))
(124.50507563561627,128.09999999999997,f(124.50507563561627,128.09999999999997))
(149.94281817255538,154.7,f(149.94281817255538,154.7))
(105.4683108068555,109.19999999999997,f(105.4683108068555,109.19999999999997))
(119.45469913859009,124.29999999999998,f(119.45469913859009,124.29999999999998))
(130.66084552298048,136.7,f(130.66084552298048,136.7))
(100.54225649595797,106.89999999999999,f(100.54225649595797,106.89999999999999))
