v3.0 hex words addressed
00: 00c00000 00506000 b013001c 24143313 3414040b 30000409 00c03000 00400000
08: f0110000 11a03100 60200000 3000040f 00c03000 00400000 e0111000 00c03000
10: 00516100 981a0000 6011a100 34140419 30000417 30000100 68108300 50000116
18: 60000000 3000041b 68108300 68118300 24143328 34140423 30000421 001a2300
20: 60c0a007 001a2300 71a0a10a 30000426 001a2300 60c0a00d 001a2300 60c0a010
28: 3414042e 3000042c 60000050 ffffffff 50000100 68108300 34140432 00127200
30: 11a02000 68308300 34140441 3414043b 30000438 00c01000 00527200 60a0200a
38: 00d22600 00400000 60a0100a 3000043e 00127200 71a0210a 00d22600 00400000
40: f0110000 34140449 30000446 00d22600 00400000 f0100000 101a0100 10110200
48: 70120a00 3000044c 081a9300 6012a200 081a9300 181a0a00 601a6a4b 00000000
50: 00c03000 105a0100 d01b0055 401bb700 60111a53 70110500 00000000 00000000
58: 00000000 00000000 00000000 00000000 00000000 00000000 00000000 00000000
60: 00000000 00000000 00000000 00000000 00000000 00000000 00000000 00000000
68: 00000000 00000000 00000000 00000000 00000000 00000000 00000000 00000000
70: 00000000 00000000 00000000 00000000 00000000 00000000 00000000 00000000
78: 00000000 00000000 00000000 00000000 00000000 00000000 00000000 00000000
80: 00000000 00000000 00000000 00000000 00000000 00000000 00000000 00000000
88: 00000000 00000000 00000000 00000000 00000000 00000000 00000000 00000000
90: 00000000 00000000 00000000 00000000 00000000 00000000 00000000 00000000
98: 00000000 00000000 00000000 00000000 00000000 00000000 00000000 00000000
a0: 00000000 00000000 00000000 00000000 00000000 00000000 00000000 00000000
a8: 00000000 00000000 00000000 00000000 00000000 00000000 00000000 00000000
b0: 00000000 00000000 00000000 00000000 00000000 00000000 00000000 00000000
b8: 00000000 00000000 00000000 00000000 00000000 00000000 00000000 00000000
c0: 00000000 00000000 00000000 00000000 00000000 00000000 00000000 00000000
c8: 00000000 00000000 00000000 00000000 00000000 00000000 00000000 00000000
d0: 00000000 00000000 00000000 00000000 00000000 00000000 00000000 00000000
d8: 00000000 00000000 00000000 00000000 00000000 00000000 00000000 00000000
e0: 00000000 00000000 00000000 00000000 00000000 00000000 00000000 00000000
e8: 00000000 00000000 00000000 00000000 00000000 00000000 00000000 00000000
f0: 00000000 00000000 00000000 00000000 00000000 00000000 00000000 00000000
f8: 00000000 00000000 00000000 00000000 00000000 00000000 00000000 00000000
