INDEKS PROGRAMSKIH JEZIKA
==========================
ABC: 21, 85
ALGOL 68: 17, 21
APL: 5, 7, 32, 67, 72, 80, 83, 99, 103
Ada: 4, 5, 17, 18, 63, 68, 69, 73, 78, 79, 80, 81, 82, 83, 87, 88, 90, 92, 93, 95, 96, 99, 101, 102, 103, 104, 105, 106, 108, 109, 111, 113, 114, 115, 117, 119, 120, 121, 123, 124, 125, 126, 127, 128, 129, 130, 134, 135
Algol: 3, 16, 17, 35, 63, 75, 121, 123
Asemblerski: 3, 4, 95
C: 3, 4, 5, 7, 8, 11, 12, 14, 19, 21, 22, 23, 25, 30, 34, 36, 37, 38, 40, 42, 44, 49, 52, 53, 57, 60, 61, 63, 64, 65, 67, 68, 69, 70, 71, 72, 73, 75, 76, 77, 78, 79, 80, 81, 82, 83, 84, 85, 87, 89, 90, 92, 93, 95, 96, 97, 98, 99, 100, 101, 102, 103, 104, 105, 108, 109, 111, 112, 113, 114, 115, 116, 118, 119, 120, 121, 123, 124, 125, 126, 128, 129, 130, 133, 134, 135, 136
COBOL: 3, 5, 14, 16, 25, 64, 75, 77, 80, 81, 84, 87, 88, 96, 97, 103, 116, 124
Delphi: 4, 25, 66, 76, 78
FORTRAN: 13, 21, 26, 32, 63, 80, 81, 95, 99, 103, 105, 111, 113, 125, 131
Forth: 4, 12, 63, 95, 97, 99
Fortran: 3, 4, 7, 14, 21, 65, 67, 68, 73, 74, 75, 77, 81, 82, 83, 84, 90, 96, 99, 101, 103, 104, 106, 107, 109, 110, 111, 113, 116, 119, 120, 121, 123, 124, 134
Fortran 90: 21, 73, 113
Fortran 95: 67, 83, 84, 106, 119, 124, 134
Go: 14, 21, 33, 109
HTML: 4, 28, 29
Haskell: 32, 66, 129
Java: 3, 4, 5, 7, 8, 12, 23, 24, 25, 28, 31, 32, 34, 39, 60, 62, 63, 64, 65, 67, 69, 70, 73, 74, 75, 76, 77, 78, 79, 80, 81, 82, 83, 85, 87, 90, 93, 95, 99, 100, 102, 104, 105, 106, 108, 112, 113, 114, 115, 116, 121, 124, 125, 127, 128, 129
JavaScript: 3, 4, 7, 25, 28, 64, 66, 67, 68, 71, 75, 77, 78, 79, 80, 81, 82, 83, 102, 119, 121, 125, 126, 127, 130, 131, 134
LISP: 3, 31, 89
LOGO: 31, 112
Lisp: 30, 31, 66, 68, 72, 99, 107, 110, 118
Lua: 28, 79, 85, 101, 116, 119, 120, 121, 129, 130, 132, 134
ML: 31, 32, 66, 70, 77, 79, 81, 89, 95, 101, 102, 104, 129
Miranda: 31, 66
Modula: 17, 26, 30, 31, 73, 79, 80, 81, 82, 88, 101, 106, 116, 121
Modula 2: 17, 26, 30, 73, 79, 80, 81, 82, 88, 101, 106, 116, 121
PHP: 3, 4, 7, 20, 63, 66, 67, 70, 71, 77, 78, 79, 80, 81, 82, 83, 85, 102, 108, 114, 115, 119, 124, 125
PL/1: 4, 64
PL/I: 16, 42, 80
PL/SQL: 3, 18
Pascal: 3, 4, 17, 60, 64, 67, 68, 70, 72, 73, 74, 75, 76, 77, 79, 80, 81, 82, 83, 87, 88, 90, 93, 95, 96, 99, 101, 102, 103, 104, 105, 106, 108, 111, 113, 116, 119, 120, 121, 123, 124, 125, 126, 129, 130, 134
Perl: 3, 5, 8, 20, 63, 65, 67, 77, 78, 79, 80, 81, 82, 83, 85, 102, 103, 104, 106, 107, 113, 114, 119, 124, 125
Postscript: 12, 13, 97
Python: 3, 33, 68, 70, 74, 75, 77, 79, 82, 83, 85, 89, 102, 105, 106, 109, 110, 114, 116, 118, 119, 120, 121, 124, 125, 127, 129, 130, 134
Ruby: 26, 63, 66, 77, 79, 82, 83, 84, 85, 99, 102, 104, 105, 106, 107, 109, 110, 113, 114, 116, 119, 120, 121, 124, 125, 127, 129, 130, 134
SQL: 3, 18, 29
Scheme: 31, 68, 70, 89, 97, 110
Simula: 6, 28
Smalltalk: 22, 103
Yacc: 30, 60
